5
12
6
7
8
31
61
91
121
151
181
211
241
271
301
331
361
361
361
361
361
361
Iron Ore391
421
451
481
511
511
511
511
511
511
511
511
511
511
511
511
511
511
511
511
511
511
511
511
511
511
511
511
511
511
511
511
511
511
511
511
511
511
511
481
451
451
451
451
Iron OreCoal451
451
451
451
451
451
451
451
451
451
451
451
451
451
451
451
451
451
451
451
451
451
451
451
451
451
451
451
451
451
451
451
451
451
451
451
451
451
451
451
451
451
451
451
451
451
451
451
451
451
451
451
451
451
451
451
451
481
511
541
571
571
571
571
571
571
571
571
571
571
571
571
571
571
571
571
571
571
571
571
571
571
571
571
571
571
571
571
571
571
571
571
571
571
571
571
571
571
601
631
661
691
691
691
691
691
691
691
691
691
691
691
691
691
691
691
691
691
691
691
691
691
691
691
691
691
691
691
691
691
691
691
691
691
691
691
691
691
691
691
691
691
691
691
691
691
691
691
691
691
691
691
691
691
691
691
691
691
691
691
691
691
691
691
691
691
691
691
691
691
691
691
691
691
691
691
691
691
691
691
691
691
691
691
691
691
691
691
691
691
691
691
691
691
691
691
691
691
691
691
691
691
691
691
691
691
691
691
691
691
691
691
691
691
691
691
691
691
691
691
691
691
691
691
691
691
691
691
691
691
691
691
691
691
691
691
691
691
691
691
691
691
691
691
691
691
691
691
691
691
691
691
691
691
691
691
691
691
691
691
691
691
691
691
691
691
691
691
691
691
691
691
691
691
691
691
691
691
691
691
691
691
691
691
691
691
691
691
691
691
691
691
691
691
691
691
691
691
691
691
691
691
691
691
691
691
691
691
691
691
691
691
691
691
691
691
691
691
691
691
691
691
691
691
691
691
691
691
691
691
691
691
691
691
691
691
691
691
691
691
691
691
691
691
691
691
691
691
691
691
691
691
691
691
691
691
691
691
691
691
691
691
691
691
691
691
691
691
691
691
691
691
691
661
631
661
691
721
751
760
761
791
821
851
881
911
941
971
1001
1031
1061
1091
1121
1151
1160
1161
1191
1221
1251
1281
1311
1341
1371
1401
1431
1461
1491
1521
1551
1560
1561
1560
1561
1560
1530
1500
1470
1440
1410
1380
1350
1320
1290
1260
1230
1200
1170
1140
1110
1080
1050
1020
990
960
930
900
870
840
810
840
870
900
930
960
990
1020
1050
1080
1110
1110
1110
1110
1140
1140
1140
1140
1140
1140
1140
1140
1140
1140
1140
1140
1140
1140
1140
1140
1140
1140
1140
1140
1140
1140
1140
1140
1140
1140
1140
1140
1140
1140
1140
1140
1140
1140
1140
1140
1140
1140
1140
1140
1140
1140
1140
1140
1140
1140
1140
1140
1140
1140
1140
1140
1140
1140
1140
1140
1140
1140
1140
1140
1140
1140
1140
1140
1140
1140
1140
1140
1140
1140
