
s:0 41 0 400

s:1 144 0 400

s:2 247 0 400

s:3 350 0 400

s:4 453 0 400

s:0 41 927 1327

s:1 144 927 1327

s:2 247 927 1327

s:3 350 927 1327

s:4 453 927 1327

s:5 556 927 1327

s:6 659 927 1327

s:7 762 927 1327

s:8 865 927 1327

s:9 968 927 1327

s:0 41 0 400

s:1 144 0 400

s:2 247 0 400

s:3 350 0 400

s:4 453 0 400

s:0 41 0 400

s:1 144 0 400

s:2 247 0 400

s:3 350 0 400

s:4 453 0 400

s:0 41 0 400

s:1 144 0 400

s:2 247 0 400

s:3 350 0 400

s:4 453 0 400

s:0 41 309 709

s:1 144 309 709

s:2 247 309 709

s:3 350 309 709

s:4 453 309 709

s:5 556 309 709

s:6 659 309 709

s:7 762 309 709

s:0 41 309 709

s:1 144 309 709

s:2 247 309 709

s:3 350 309 709

s:4 453 309 709

s:5 556 309 709

s:6 659 309 709

s:7 762 309 709

s:0 41 309 709

s:1 144 309 709

s:2 247 309 709

s:3 350 309 709

s:4 453 309 709

s:5 556 309 709

s:6 659 309 709

s:7 762 309 709

s:0 41 618 1018

s:1 144 618 1018

s:2 247 618 1018

s:3 350 618 1018

s:4 453 618 1018

s:5 556 618 1018

s:6 659 618 1018

s:7 762 618 1018

s:8 865 618 1018

s:9 968 618 1018

s:0 41 618 1018

s:1 144 618 1018

s:2 247 618 1018

s:3 350 618 1018

s:4 453 618 1018

s:5 556 618 1018

s:6 659 618 1018

s:7 762 618 1018

s:8 865 618 1018

s:9 968 618 1018

s:0 41 618 1018

s:1 144 618 1018

s:2 247 618 1018

s:3 350 618 1018

s:4 453 618 1018

s:5 556 618 1018

s:6 659 618 1018

s:7 762 618 1018

s:8 865 618 1018

s:9 968 618 1018

s:0 41 927 1327

s:1 144 927 1327

s:2 247 927 1327

s:3 350 927 1327

s:4 453 927 1327

s:5 556 927 1327

s:6 659 927 1327

s:7 762 927 1327

s:8 865 927 1327

s:9 968 927 1327

s:0 41 0 400

s:1 144 0 400

s:2 247 0 400

s:3 350 0 400

s:4 453 0 400
