20 50 894
20 61 1037
20 63 534
20 144 1303
20 259 1404
20 261 997
20 273 1294
20 317 1050
20 324 1547
20 344 950
20 397 1019
20 402 1240
20 402 1357
20 495 1545
20 605 703
20 612 1212
20 645 546
20 670 1089
20 760 718
20 763 348
21 54 189
21 68 1319
21 84 271
21 112 1060
21 156 861
21 180 1075
21 192 714
21 282 39
21 328 1168
21 329 16
21 356 1057
21 358 373
21 401 992
21 475 597
21 484 498
21 525 694
21 597 21
21 631 668
21 731 343
21 736 303
22 11 1534
22 29 894
22 61 1198
22 134 650
22 134 778
22 183 474
22 225 222
22 259 1204
22 267 1450
22 290 1246
22 309 913
22 348 20
22 414 1240
22 481 917
22 562 983
22 587 215
22 601 224
22 650 1175
22 687 115
22 727 1043
6 74 676
6 154 246
6 156 110
6 353 417
6 380 1545
6 443 1062
6 569 296
6 663 200
6 698 821
6 732 1188
7 19 1124
7 128 1181
7 144 1018
7 186 814
7 234 1365
7 296 603
7 420 434
7 535 1001
7 709 1245
7 727 1551
8 21 727
8 35 1483
8 94 262
8 95 793
8 135 1273
8 320 542
8 359 1380
8 444 939
8 511 1192
8 750 362
