1 10 Kaer
890 1600 255, 0, 150, 0
1000
1 0 0
1 128 0
1 256 0
1 384 0
1 512 0
1 640 0
1 768 0

1 0 256
1 128 256
1 256 256
1 384 256
1 512 256
1 640 256
1 768 256

1 0 512
1 128 512
1 256 512
1 384 512
1 512 512
1 640 512
1 768 512

1 0 768
1 128 768
1 256 768
1 384 768
1 512 768
1 640 768
1 768 768

1 0 1024
1 128 1024
1 256 1024
1 384 1024
1 512 1024
1 640 1024
1 768 1024

1 0 1280
1 128 1280
1 256 1280
1 384 1280
1 512 1280
1 640 1280
1 768 1280

1 0 1536
1 128 1536
1 256 1536
1 384 1536
1 512 1536
1 640 1536
1 768 1536



55 0 77
10000055 0 659
10010055 0 1241




8 21 550
8 35 1483
22 11 1534
22 29 894

20 50 894
21 54 189
8 94 262
8 95 793
20 61 1037
22 61 1198
20 63 534
21 68 1319
21 84 271
7 128 1181
8 135 1273
7 144 1018
21 112 1060
6 154 246
6 156 110
22 134 650
22 134 778
20 144 1303
7 186 814
21 156 861
21 180 1075
22 183 474
21 192 714
7 234 1365
22 225 222
22 259 1204
20 259 1404
7 296 603
20 261 997
22 267 1450
20 273 1294
21 282 39
2 305 640
8 320 542
22 290 1246
22 309 913
20 317 1050
8 359 1380
20 324 1547
6 353 417
21 328 1168
21 329 16
20 344 950
22 348 20
6 380 1545
21 356 1057
21 358 373
7 420 434
20 397 1019
21 401 992
20 402 1240
20 402 1357
8 444 939
22 414 1240
6 480 1062
8 511 1192
21 475 597
22 481 917
21 484 498
20 495 1545
7 535 1001
21 525 694
6 569 296
22 562 983
22 587 215
21 597 21
22 601 224
20 605 703
20 612 1212
21 631 668
6 663 200
20 645 546
22 650 1175
20 670 1089
6 698 821
7 709 1245
22 687 115
7 727 1551
6 732 1188
8 750 362
22 727 1043
21 731 343
21 736 303
20 760 718
20 763 348

-1

0 495 800 Player
1
1 465 690 Adolf
0
