1 10 World_1
470 1600 255, 0, 150, 0
53
1 0 0
1 0 250
1 0 500
1 0 750
1 120 0
1 120 250
1 120 500
1 120 750
1 240 0
1 240 250
1 240 500
1 240 750
1 360 0
1 360 250
1 360 500
1 360 750
2 100 200
5 0 0
5 0 60
5 0 120
5 0 180
5 30 30
5 30 90
5 30 150
3 400  80
3 410  160
3 400  60
3 410  10
3 410  120
1 0     800
1 0    1050
1 0    1300
1 0    1550
1 120   800
1 120  1050
1 120  1300
1 120  1550
1 240   800
1 240  1050
1 240  1300
1 240  1550
1 360   800
1 360  1050
1 360  1300
1 360  1550
2 100   200
5 0     800
5 0     860
5 0     920
5 0     980
5 30    830
5 30    890
5 30    950

